0 0.965617 0.707667 0.064375 0.065278
0 0.191863 0.398681 0.018555 0.015972
0 0.238973 0.408042 0.024164 0.019278
0 0.267012 0.406118 0.026336 0.019819
0 0.595512 0.462826 0.031195 0.036681
0 0.554719 0.468799 0.054234 0.060569
0 0.426582 0.434243 0.040789 0.034125
0 0.396824 0.447042 0.031195 0.027306
0 0.238215 0.529368 0.033602 0.052042
0 0.308762 0.466667 0.038398 0.042667
0 0.275891 0.487563 0.041750 0.040097
0 0.379551 0.616396 0.058070 0.091292
0 0.479852 0.610854 0.062875 0.088736
0 0.772852 0.652861 0.078312 0.090583
0 0.814422 0.519597 0.059906 0.057917
0 0.768801 0.568944 0.067367 0.067306
0 0.608117 0.889674 0.110719 0.182292
0 0.275813 0.707993 0.062688 0.101264
0 0.271941 0.832722 0.080508 0.161889
0 0.686523 0.742688 0.090188 0.116347
0 0.497332 0.481389 0.042758 0.038750
0 0.462691 0.949444 0.114289 0.095083
0 0.326355 0.416861 0.034852 0.035861
0 0.762918 0.409319 0.037430 0.050444
0 0.635223 0.557438 0.058961 0.051931
