0 0.735688 0.622993 0.064500 0.071264
0 0.193504 0.437410 0.025914 0.027569
0 0.223473 0.426090 0.040039 0.025514
0 0.217227 0.401792 0.032172 0.018139
0 0.363148 0.419285 0.017594 0.019292
0 0.347180 0.429181 0.034719 0.026750
0 0.560852 0.510090 0.048672 0.048569
0 0.289469 0.501903 0.037484 0.041806
0 0.779273 0.545604 0.044672 0.039958
0 0.745027 0.559569 0.055695 0.054778
0 0.396125 0.691528 0.059344 0.093444
0 0.659371 0.514181 0.059820 0.047861
0 0.240484 0.466326 0.041906 0.049708
0 0.502387 0.554028 0.049195 0.056472
0 0.267316 0.539250 0.040164 0.069194
0 0.620637 0.550562 0.052273 0.055542
0 0.866848 0.720812 0.096039 0.097514
0 0.438047 0.438847 0.028266 0.029694
0 0.510324 0.443986 0.116289 0.124500
0 0.429055 0.503375 0.039828 0.053694
0 0.368980 0.510799 0.045617 0.057097
0 0.451539 0.959847 0.119500 0.080306
0 0.208934 0.477722 0.032445 0.045444
