0 0.540727 0.435903 0.034406 0.035167
0 0.676910 0.580743 0.062211 0.066819
0 0.929129 0.608486 0.083602 0.075306
0 0.397578 0.657521 0.069687 0.137236
0 0.596523 0.529813 0.038641 0.048931
0 0.610254 0.474090 0.050336 0.051625
0 0.447281 0.573403 0.053781 0.065833
0 0.979398 0.580125 0.041125 0.071694
0 0.936516 0.692208 0.085641 0.076556
0 0.282738 0.782111 0.078508 0.169556
0 0.663152 0.476292 0.043758 0.030861
0 0.890285 0.959729 0.146930 0.068264
0 0.678770 0.963750 0.109227 0.072500
0 0.284848 0.630097 0.045586 0.068806
0 0.549328 0.575056 0.072250 0.096333
0 0.274523 0.588812 0.038703 0.053514
0 0.328281 0.543701 0.039562 0.048931
0 0.341184 0.494014 0.044727 0.041278
0 0.347203 0.466486 0.037844 0.035167
0 0.237973 0.516181 0.032680 0.045861
0 0.203566 0.474896 0.030961 0.042819
0 0.240555 0.468778 0.034406 0.039750
0 0.500301 0.482542 0.044727 0.036694
0 0.444387 0.464958 0.037430 0.034139
0 0.472941 0.424007 0.050398 0.046069
0 0.390875 0.445333 0.035031 0.027306
0 0.380797 0.420590 0.028313 0.022181
0 0.315531 0.416326 0.028313 0.022181
0 0.262500 0.444910 0.038391 0.033264
0 0.210187 0.436375 0.034547 0.024750
0 0.262258 0.410354 0.025438 0.022181
0 0.235863 0.400111 0.024477 0.023889
0 0.188832 0.395000 0.017758 0.015361
0 0.811191 0.676153 0.085023 0.082917
0 0.682719 0.721694 0.086203 0.128083
0 0.522504 0.693181 0.066523 0.116250
