0 0.260723 0.453181 0.034555 0.026444
0 0.328020 0.541375 0.038570 0.062972
0 0.292254 0.506646 0.039008 0.062097
0 0.251699 0.551090 0.041086 0.049458
0 0.322051 0.417250 0.041477 0.034167
0 0.333816 0.486021 0.042555 0.046042
0 0.259523 0.479632 0.031187 0.034986
0 0.919168 0.542340 0.070070 0.046069
0 0.911457 0.590972 0.078648 0.059167
0 0.734160 0.796257 0.116711 0.175764
0 0.388871 0.629743 0.077305 0.173125
0 0.433492 0.569215 0.032641 0.057153
0 0.432773 0.507785 0.047516 0.058875
0 0.373023 0.474514 0.036469 0.038389
0 0.400379 0.414361 0.035508 0.039250
0 0.190895 0.386632 0.018711 0.028153
0 0.737738 0.492535 0.051555 0.051847
0 0.748547 0.577972 0.070609 0.064361
0 0.544289 0.733528 0.073797 0.110306
0 0.301063 0.596229 0.042797 0.074347
0 0.897281 0.460250 0.070922 0.064389
0 0.211531 0.397729 0.020641 0.031569
0 0.258324 0.411382 0.028789 0.031569
0 0.293238 0.778486 0.072430 0.150000
0 0.287598 0.437403 0.036477 0.039250
0 0.508844 0.566375 0.054641 0.063167
