0 0.800590 0.506889 0.063258 0.047667
0 0.778430 0.655236 0.084578 0.071583
0 0.332496 0.536979 0.043039 0.062375
0 0.301055 0.650069 0.051656 0.093056
0 0.424316 0.566549 0.052336 0.080403
0 0.821996 0.559021 0.068773 0.055764
0 0.709703 0.551840 0.060687 0.062014
0 0.652281 0.444938 0.125125 0.080431
0 0.624484 0.871361 0.112453 0.161000
0 0.470238 0.972389 0.108477 0.055222
0 0.190367 0.434160 0.036000 0.058014
0 0.221082 0.393632 0.015836 0.021319
0 0.205727 0.389361 0.014875 0.014500
0 0.250117 0.401306 0.022078 0.021333
0 0.282508 0.403868 0.023516 0.021319
0 0.300266 0.420931 0.023516 0.017917
0 0.363379 0.411549 0.025914 0.021319
0 0.387855 0.429042 0.034555 0.027306
0 0.340582 0.432028 0.024477 0.024750
0 0.274594 0.489188 0.035516 0.038403
0 0.322824 0.479375 0.038867 0.032417
0 0.374895 0.510944 0.042227 0.044361
0 0.505672 0.428611 0.100297 0.081056
0 0.260758 0.944785 0.105484 0.106153
0 0.955594 0.604542 0.060469 0.071000
0 0.258871 0.546056 0.041852 0.098833
0 0.565293 0.478840 0.051898 0.052153
0 0.682031 0.497563 0.052500 0.052875
0 0.567648 0.498556 0.055547 0.091250
