0 0.474445 0.467375 0.056922 0.043306
0 0.825617 0.553174 0.072453 0.071042
0 0.765852 0.602361 0.068687 0.075500
0 0.559059 0.775174 0.082117 0.124764
0 0.835090 0.689382 0.090305 0.084542
0 0.485961 0.466681 0.033984 0.043111
0 0.555629 0.460847 0.035242 0.038972
0 0.282715 0.652715 0.056102 0.099875
0 0.323359 0.515882 0.047531 0.090819
0 0.502848 0.649896 0.069930 0.107847
0 0.245195 0.468882 0.037844 0.045958
0 0.352063 0.438153 0.024984 0.019639
0 0.396699 0.429840 0.020930 0.020986
0 0.200000 0.395306 0.027047 0.021889
0 0.272836 0.406736 0.023828 0.020944
0 0.304703 0.405069 0.029188 0.024278
0 0.323047 0.415778 0.028922 0.028556
0 0.384102 0.481000 0.044453 0.043806
0 0.622832 0.452194 0.043648 0.027139
0 0.632605 0.476951 0.051414 0.036653
0 0.615199 0.502896 0.048195 0.040931
0 0.263246 0.548139 0.037820 0.061917
0 0.971469 0.715319 0.057062 0.092000
0 0.223438 0.933736 0.115437 0.132528
0 0.426945 0.947889 0.122406 0.104222
