0 0.486187 0.432618 0.039359 0.040958
0 0.264945 0.484243 0.037437 0.043514
0 0.237590 0.518792 0.037430 0.052889
0 0.227992 0.448833 0.038391 0.034139
0 0.240711 0.404465 0.035031 0.029014
0 0.263508 0.394653 0.020156 0.023028
0 0.224871 0.381861 0.031195 0.014500
0 0.576258 0.483083 0.050875 0.052889
0 0.774734 0.870417 0.118641 0.148306
0 0.456187 0.604014 0.051344 0.077194
0 0.715336 0.513646 0.055375 0.059792
0 0.700340 0.598917 0.066695 0.071306
0 0.267227 0.587076 0.047422 0.076542
0 0.521508 0.653722 0.071312 0.110250
0 0.850840 0.694007 0.089523 0.083181
0 0.209992 0.405319 0.023516 0.020472
0 0.174965 0.394229 0.024477 0.017069
0 0.596910 0.458507 0.034836 0.034653
0 0.310980 0.401937 0.026383 0.020569
0 0.366016 0.424792 0.040141 0.047306
0 0.246949 0.907264 0.098727 0.153556
0 0.340656 0.542938 0.051359 0.061986
0 0.313867 0.424104 0.029781 0.023486
0 0.877773 0.645674 0.082687 0.071264
0 0.673133 0.958257 0.115219 0.083486
0 0.461230 0.447549 0.025914 0.028153
0 0.977988 0.600674 0.044023 0.150653
0 0.409402 0.675194 0.059086 0.113833
0 0.284801 0.690958 0.060633 0.132806
0 0.494586 0.553347 0.052312 0.058861
0 0.419480 0.540125 0.056633 0.063139
0 0.444434 0.462479 0.035508 0.034125
