0 0.191457 0.475465 0.017836 0.034653
0 0.830715 0.612056 0.071617 0.062139
0 0.853082 0.942514 0.107055 0.108250
0 0.273965 0.839493 0.085648 0.135764
0 0.874926 0.697778 0.079148 0.081972
0 0.507133 0.464465 0.040359 0.037986
0 0.423809 0.421687 0.037070 0.034153
0 0.668086 0.521965 0.043828 0.044931
0 0.382117 0.624201 0.050766 0.077236
0 0.239656 0.521167 0.040266 0.063167
0 0.307414 0.529340 0.047016 0.072653
0 0.639145 0.561507 0.038602 0.050625
0 0.985582 0.636264 0.028383 0.087583
0 0.231438 0.398354 0.017828 0.018514
0 0.253078 0.406583 0.028703 0.024278
0 0.341719 0.409264 0.027312 0.019750
0 0.296355 0.467688 0.041195 0.041958
0 0.346809 0.489292 0.038883 0.040722
0 0.569574 0.446910 0.037727 0.026736
0 0.562164 0.484972 0.043281 0.046083
0 0.434391 0.897521 0.091062 0.199403
0 0.597922 0.640368 0.070516 0.085875
0 0.335652 0.427375 0.021977 0.026417
0 0.189199 0.395687 0.021289 0.020569
0 0.177566 0.416479 0.020742 0.033181
0 0.196230 0.445236 0.019914 0.024333
