0 0.426203 0.434785 0.024469 0.028347
0 0.369398 0.587653 0.046719 0.076750
0 0.443539 0.502944 0.049437 0.066778
0 0.401004 0.677424 0.060992 0.114903
0 0.657918 0.699174 0.088586 0.113542
0 0.544996 0.502125 0.044727 0.050056
0 0.308668 0.521285 0.039961 0.057486
0 0.467348 0.438743 0.040352 0.050375
0 0.650879 0.573160 0.051320 0.038792
0 0.628617 0.510549 0.052250 0.047597
0 0.703902 0.503556 0.056852 0.056694
0 0.920125 0.651618 0.100234 0.102764
0 0.766156 0.642278 0.077375 0.085111
0 0.498109 0.628722 0.066484 0.102194
0 0.597602 0.826569 0.094047 0.139778
0 0.344984 0.427604 0.029031 0.024097
0 0.878969 0.931986 0.159094 0.136028
0 0.663000 0.969118 0.109469 0.061764
0 0.221152 0.922236 0.139320 0.155528
0 0.531293 0.583194 0.052258 0.064889
0 0.550164 0.460417 0.039406 0.022861
0 0.529840 0.446778 0.026961 0.029500
0 0.378426 0.516625 0.047539 0.051389
0 0.381320 0.476083 0.043047 0.029694
0 0.333133 0.477215 0.044328 0.034264
0 0.255395 0.477792 0.034055 0.037694
0 0.251215 0.440667 0.029555 0.029694
0 0.403395 0.412187 0.032617 0.026125
0 0.296602 0.415694 0.026172 0.020389
0 0.347828 0.403903 0.037641 0.021028
0 0.262168 0.414424 0.019758 0.017847
0 0.237414 0.402632 0.017563 0.017208
0 0.219348 0.406451 0.017930 0.015931
0 0.186727 0.391479 0.017922 0.017847
0 0.174680 0.400403 0.014703 0.012750
0 0.200848 0.448201 0.020430 0.028042
