0 0.211676 0.399069 0.026883 0.022306
0 0.248777 0.399062 0.028680 0.021042
0 0.408664 0.433479 0.030109 0.026125
0 0.373711 0.441444 0.034062 0.030583
0 0.265086 0.485736 0.044094 0.045250
0 0.454191 0.519833 0.049477 0.053528
0 0.346465 0.489556 0.042664 0.055444
0 0.257203 0.548194 0.042656 0.051611
0 0.777391 0.419750 0.052109 0.047583
0 0.818875 0.928049 0.151875 0.143903
0 0.426535 0.937806 0.123898 0.120778
0 0.718422 0.604090 0.064609 0.080347
0 0.528711 0.726479 0.068359 0.103097
0 0.306184 0.413299 0.020102 0.019597
0 0.613719 0.476444 0.036594 0.034639
0 0.575605 0.480167 0.052039 0.051056
0 0.482926 0.471910 0.041492 0.029542
0 0.386320 0.626479 0.060344 0.094069
0 0.591023 0.523118 0.037328 0.045514
0 0.456922 0.587201 0.055906 0.070347
0 0.276934 0.604681 0.046836 0.076667
0 0.785410 0.561993 0.099039 0.095264
0 0.850078 0.562396 0.061766 0.079153
0 0.482750 0.459958 0.040453 0.051111
0 0.171344 0.394604 0.014344 0.015931
0 0.183531 0.387910 0.019359 0.016569
