0 0.255082 0.456382 0.035883 0.026181
0 0.722699 0.548438 0.064523 0.070153
0 0.595125 0.528715 0.048922 0.060597
0 0.839027 0.618604 0.091758 0.080875
0 0.499820 0.556868 0.065250 0.073042
0 0.532348 0.674667 0.070008 0.105194
0 0.491508 0.462472 0.038531 0.040222
0 0.626020 0.499549 0.052102 0.053181
0 0.447813 0.457743 0.046500 0.048264
0 0.440617 0.581764 0.052109 0.067083
0 0.353422 0.465382 0.048797 0.066292
0 0.342871 0.543014 0.040086 0.067778
0 0.290730 0.600382 0.079586 0.170486
0 0.971668 0.714174 0.056633 0.092153
0 0.835375 0.547806 0.078703 0.056306
0 0.514551 0.436458 0.049430 0.041806
0 0.432090 0.418542 0.035883 0.031417
0 0.380406 0.421396 0.026250 0.022847
0 0.365410 0.435437 0.035883 0.029042
0 0.325777 0.417347 0.030523 0.028083
0 0.285480 0.403306 0.028117 0.021889
0 0.245309 0.432104 0.039367 0.022375
0 0.201125 0.399736 0.020625 0.021417
0 0.218797 0.398785 0.015266 0.015708
0 0.175684 0.391160 0.020086 0.015708
0 0.247633 0.517410 0.040141 0.072681
