0 0.285625 0.625569 0.053938 0.103528
0 0.736105 0.518403 0.052773 0.050639
0 0.700043 0.537701 0.057023 0.058625
0 0.476270 0.632667 0.059898 0.081889
0 0.297602 0.404083 0.023641 0.019167
0 0.261723 0.412562 0.024055 0.016958
0 0.252598 0.397812 0.022398 0.016958
0 0.227297 0.406299 0.019078 0.019181
0 0.174410 0.377903 0.063461 0.070056
0 0.229191 0.470840 0.026133 0.029681
0 0.328539 0.541792 0.042922 0.058306
0 0.543984 0.581056 0.057656 0.076694
0 0.461855 0.518750 0.052680 0.062667
0 0.514949 0.431000 0.043555 0.028750
0 0.465176 0.453118 0.039398 0.033181
0 0.339082 0.416618 0.029445 0.022125
0 0.268566 0.435056 0.034430 0.028028
0 0.234559 0.442056 0.027789 0.024333
0 0.274168 0.459389 0.033180 0.032444
0 0.386781 0.480778 0.038578 0.033917
0 0.378902 0.512847 0.042727 0.058250
0 0.322078 0.445382 0.041891 0.041292
0 0.368738 0.440215 0.024055 0.026542
0 0.403996 0.445007 0.040648 0.028764
0 0.990824 0.642319 0.018023 0.057972
0 0.438078 0.582187 0.048578 0.062819
0 0.623305 0.679708 0.078016 0.101861
0 0.292566 0.503799 0.040148 0.049764
0 0.552844 0.472118 0.052297 0.055625
0 0.262273 0.898542 0.121719 0.191667
0 0.778332 0.642958 0.087617 0.117111
0 0.842543 0.615944 0.072773 0.069472
0 0.616543 0.497646 0.051570 0.059653
